A = (6, 8)
B = (7.16, 8.68)
C = (8.54, 8.62)
D = (9.14, 7.88)
E = (9.52, 7.38)
F = (8.74, 5.4)
G = (7, 3)
H = (6, 2)
I = (4.62, 1.74)
J = (3.7, 2.14)
K = (3.24, 2.98)
L = (3.48, 3.88)


M = (6.1999002993464485, 5.005587609794676) <---- punto de rotacion